<?xml version="1.0" encoding="UTF-8" standalone="no"?>
<!DOCTYPE svg PUBLIC "-//W3C//DTD SVG 20010904//EN"
              "http://www.w3.org/TR/2001/REC-SVG-20010904/DTD/svg10.dtd">

<svg xmlns="http://www.w3.org/2000/svg"
     width="26.6667in" height="15in"
     viewBox="0 0 1920 1080">
  <path id="LeftShield1"
        fill="none" stroke="black" stroke-width="1"
        d="M 765.00,357.88
           C 765.00,357.88 822.75,498.25 822.75,498.25
             822.75,498.25 882.94,615.94 882.94,615.94
             882.94,615.94 887.69,621.92 893.00,626.69
             897.96,631.14 903.64,634.45 903.64,634.45
             903.64,634.45 920.45,634.36 920.45,634.36
             920.45,634.36 896.75,366.00 896.75,366.00
             896.75,366.00 902.00,344.12 902.00,344.12
             902.00,344.12 901.25,338.62 901.25,338.62
             901.25,338.62 897.68,328.82 891.31,322.69
             884.34,315.97 876.17,314.00 876.17,314.00
             876.17,314.00 872.27,313.41 869.43,314.13
             859.80,316.59 836.70,322.51 818.29,327.23
             814.38,328.23 788.88,336.50 779.38,341.75
             764.50,351.25 765.00,357.88 765.00,357.88 Z" />
</svg>
