<?xml version="1.0" encoding="UTF-8" standalone="no"?>
<!DOCTYPE svg PUBLIC "-//W3C//DTD SVG 20010904//EN"
              "http://www.w3.org/TR/2001/REC-SVG-20010904/DTD/svg10.dtd">

<svg xmlns="http://www.w3.org/2000/svg"
     width="26.6667in" height="15in"
     viewBox="0 0 1920 1080">
  <path id="LeftWing_Parent"
        fill="none" stroke="black" stroke-width="1"
        d="M 762.12,358.12
           C 762.12,358.12 771.88,358.62 774.84,362.81
             772.87,365.25 767.75,367.56 761.88,372.69
             757.06,377.88 755.31,381.19 751.81,388.81
             750.58,407.59 756.18,440.36 762.00,474.73
             769.24,520.84 775.32,567.57 780.55,588.91
             782.14,595.42 785.27,599.54 786.28,600.59
             790.19,606.19 799.22,610.41 810.09,611.09
             813.91,614.00 810.91,620.27 810.91,620.27
             810.91,620.27 524.00,626.75 524.00,626.75
             524.00,626.75 509.25,611.81 509.25,611.81
             509.25,611.81 527.18,409.00 527.18,409.00
             527.18,409.00 534.00,401.25 534.00,401.25
             534.00,401.25 762.12,358.12 762.12,358.12 Z" />
</svg>
