<?xml version="1.0" encoding="UTF-8" standalone="no"?>
<!DOCTYPE svg PUBLIC "-//W3C//DTD SVG 20010904//EN"
              "http://www.w3.org/TR/2001/REC-SVG-20010904/DTD/svg10.dtd">

<svg xmlns="http://www.w3.org/2000/svg"
     width="26.6667in" height="15in"
     viewBox="0 0 1920 1080">
  <path id="RightShield"
        fill="none" stroke="black" stroke-width="1"
        d="M 1144.00,357.88
           C 1144.00,357.88 1086.25,498.25 1086.25,498.25
             1086.25,498.25 1026.06,615.94 1026.06,615.94
             1026.06,615.94 1021.31,621.92 1016.00,626.69
             1011.04,631.14 1005.36,634.45 1005.36,634.45
             1005.36,634.45 988.55,634.36 988.55,634.36
             988.55,634.36 1012.25,366.00 1012.25,366.00
             1012.25,366.00 1007.00,344.12 1007.00,344.12
             1007.00,344.12 1007.75,338.62 1007.75,338.62
             1007.75,338.62 1011.32,328.82 1017.69,322.69
             1024.66,315.97 1032.83,314.00 1032.83,314.00
             1032.83,314.00 1036.73,313.41 1039.57,314.13
             1049.20,316.59 1072.30,322.51 1090.71,327.23
             1094.62,328.23 1120.12,336.50 1129.62,341.75
             1144.50,351.25 1144.00,357.88 1144.00,357.88 Z" />
</svg>
