<?xml version="1.0" encoding="UTF-8" standalone="no"?>
<!DOCTYPE svg PUBLIC "-//W3C//DTD SVG 20010904//EN"
              "http://www.w3.org/TR/2001/REC-SVG-20010904/DTD/svg10.dtd">

<svg xmlns="http://www.w3.org/2000/svg"
     width="26.6667in" height="15in"
     viewBox="0 0 1920 1080">
  <path id="RightWing_Duct"
        fill="none" stroke="black" stroke-width="1"
        d="M 1131.56,363.38
           C 1131.56,363.38 1137.09,363.93 1137.09,363.93
             1137.09,363.93 1139.74,365.51 1143.12,368.02
             1144.97,369.38 1147.27,370.94 1148.95,372.86
             1154.58,379.28 1158.04,387.82 1158.04,387.82
             1158.04,387.82 1158.27,397.73 1157.24,408.87
             1155.89,423.60 1153.18,440.58 1153.18,440.58
             1153.18,440.58 1142.23,513.48 1135.08,557.36
             1133.58,566.53 1132.24,574.41 1131.09,580.08
             1129.87,586.14 1128.89,589.68 1128.89,589.68
             1128.89,589.68 1128.30,591.99 1126.79,594.88
             1126.00,596.37 1124.87,597.99 1123.65,599.58
             1121.07,603.18 1118.75,603.91 1116.20,605.69
             1112.57,607.60 1108.58,608.76 1105.43,609.33
             1101.43,610.08 1099.64,609.91 1099.64,609.91
             1099.64,609.91 1097.60,609.61 1097.60,609.61
             1097.60,609.61 1114.20,547.51 1123.00,484.00
             1131.16,425.10 1131.57,364.43 1131.57,364.43
             1131.57,364.43 1131.56,363.38 1131.56,363.38 Z" />
</svg>
