<?xml version="1.0" encoding="UTF-8" standalone="no"?>
<!DOCTYPE svg PUBLIC "-//W3C//DTD SVG 20010904//EN"
              "http://www.w3.org/TR/2001/REC-SVG-20010904/DTD/svg10.dtd">

<svg xmlns="http://www.w3.org/2000/svg"
     width="26.6667in" height="15in"
     viewBox="0 0 1920 1080">
  <path id="RightWing_LightContainer"
        fill="none" stroke="black" stroke-width="1"
        d="M 1627.36,649.09
           C 1629.98,652.69 1632.77,655.96 1635.82,658.00
             1642.08,662.20 1648.56,662.75 1648.56,662.75
             1648.56,662.75 1654.49,662.67 1660.55,659.09
             1664.73,656.27 1668.45,651.90 1671.75,647.38
             1679.10,637.29 1681.25,620.00 1681.25,620.00
             1681.25,620.00 1683.12,603.50 1683.00,586.00
             1683.12,558.25 1681.50,550.12 1681.00,544.31
             1681.00,544.31 1676.82,512.00 1672.27,488.00
             1668.67,500.60 1616.55,499.32 1614.00,491.00
             1611.90,517.39 1611.75,544.62 1611.75,544.62
             1611.75,544.62 1611.35,567.48 1613.00,587.88
             1613.88,604.88 1617.88,620.50 1617.88,620.50
             1617.88,620.50 1620.04,639.01 1627.36,649.09 Z" />
</svg>
