<?xml version="1.0" encoding="UTF-8" standalone="no"?>
<!DOCTYPE svg PUBLIC "-//W3C//DTD SVG 20010904//EN"
              "http://www.w3.org/TR/2001/REC-SVG-20010904/DTD/svg10.dtd">

<svg xmlns="http://www.w3.org/2000/svg"
     width="26.6667in" height="15in"
     viewBox="0 0 1920 1080">
  <path id="LeftWing_LightContainer"
        fill="none" stroke="black" stroke-width="1"
        d="M 279.64,649.09
           C 277.02,652.69 274.23,655.96 271.18,658.00
             264.92,662.20 258.44,662.75 258.44,662.75
             258.44,662.75 252.51,662.67 246.45,659.09
             242.27,656.27 238.55,651.90 235.25,647.38
             227.90,637.29 225.75,620.00 225.75,620.00
             225.75,620.00 223.88,603.50 224.00,586.00
             223.88,558.25 225.50,550.12 226.00,544.31
             226.00,544.31 230.18,512.00 234.73,488.00
             238.33,500.60 290.45,499.32 293.00,491.00
             295.10,517.39 295.25,544.62 295.25,544.62
             295.25,544.62 295.65,567.48 294.00,587.88
             293.12,604.88 289.12,620.50 289.12,620.50
             289.12,620.50 286.96,639.01 279.64,649.09 Z" />
</svg>
