<?xml version="1.0" encoding="UTF-8" standalone="no"?>
<!DOCTYPE svg PUBLIC "-//W3C//DTD SVG 20010904//EN"
              "http://www.w3.org/TR/2001/REC-SVG-20010904/DTD/svg10.dtd">

<svg xmlns="http://www.w3.org/2000/svg"
     width="26.6667in" height="15in"
     viewBox="0 0 1920 1080">
  <path id="LeftWing_Duct"
        fill="none" stroke="black" stroke-width="1"
        d="M 778.44,364.38
           C 778.44,364.38 772.91,364.93 772.91,364.93
             772.91,364.93 770.26,366.51 766.88,369.02
             765.03,370.38 762.73,371.94 761.05,373.86
             755.42,380.28 751.96,388.82 751.96,388.82
             751.96,388.82 751.73,398.73 752.76,409.87
             754.11,424.60 756.82,441.58 756.82,441.58
             756.82,441.58 767.77,514.48 774.92,558.36
             776.42,567.53 777.76,575.41 778.91,581.08
             780.13,587.14 781.11,590.68 781.11,590.68
             781.11,590.68 781.70,592.99 783.21,595.88
             784.00,597.37 785.13,598.99 786.35,600.58
             788.93,604.18 791.25,604.91 793.80,606.69
             797.43,608.60 801.42,609.76 804.57,610.33
             808.57,611.08 810.36,610.91 810.36,610.91
             810.36,610.91 812.40,610.61 812.40,610.61
             812.40,610.61 795.80,548.51 787.00,485.00
             778.84,426.10 778.43,365.43 778.43,365.43
             778.43,365.43 778.44,364.38 778.44,364.38 Z" />
</svg>
