<?xml version="1.0" encoding="UTF-8" standalone="no"?>
<!DOCTYPE svg PUBLIC "-//W3C//DTD SVG 20010904//EN"
              "http://www.w3.org/TR/2001/REC-SVG-20010904/DTD/svg10.dtd">

<svg xmlns="http://www.w3.org/2000/svg"
     width="26.6667in" height="15in"
     viewBox="0 0 1920 1080">
  <path id="RightWing_Parent"
        fill="none" stroke="black" stroke-width="1"
        d="M 1144.88,358.12
           C 1144.88,358.12 1135.12,358.62 1132.16,362.81
             1134.13,365.25 1139.25,367.56 1145.12,372.69
             1149.94,377.88 1151.69,381.19 1155.19,388.81
             1156.42,407.59 1150.82,440.36 1145.00,474.73
             1137.76,520.84 1131.68,567.57 1126.45,588.91
             1124.86,595.42 1121.73,599.54 1120.72,600.59
             1116.81,606.19 1107.78,610.41 1096.91,611.09
             1093.09,614.00 1096.09,620.27 1096.09,620.27
             1096.09,620.27 1383.00,626.75 1383.00,626.75
             1383.00,626.75 1397.75,611.81 1397.75,611.81
             1397.75,611.81 1379.82,409.00 1379.82,409.00
             1379.82,409.00 1373.00,401.25 1373.00,401.25
             1373.00,401.25 1144.88,358.12 1144.88,358.12 Z" />
</svg>
